PARAMETER,YEAR,JAN,FEB,MAR,APR,MAY,JUN,JUL,AUG,SEP,OCT,NOV,DEC,ANN,JAN_PH_SUELO,FEB_PH_SUELO,MAR_PH_SUELO,APR_PH_SUELO,MAY_PH_SUELO,JUN_PH_SUELO,JUL_PH_SUELO,AUG_PH_SUELO,SEP_PH_SUELO,OCT_PH_SUELO,NOV_PH_SUELO,DEC_PH_SUELO
PRECTOTCORR,1981,2.64,3.32,1.72,6.02,6.66,11.86,3.34,9.65,9.03,6.43,9.18,4.26,6.17,6.25,6.84,4.88,5.49,3.08,6.5,6.27,3.24,4.89,4.47,3.49,7.82
PRECTOTCORR,1982,3.3,2.99,1.35,3.71,8.9,2.92,8.43,4.88,5.84,6.6,2.71,3.59,4.62,6.58,8.77,8.03,8.9,4.23,8.58,5.95,4.46,3.66,4.87,6.75,7.49
PRECTOTCORR,1983,1.38,0.09,0.93,3.76,3.01,4.61,5.27,5.66,5.07,7.47,3.01,3.31,3.65,3.14,4.33,5.74,5.02,6.82,4.33,5.21,3.18,3.99,5.0,6.33,3.52
PRECTOTCORR,1984,0.69,1.01,0.6,2.72,4.78,5.78,4.8,6.55,5.83,5.3,2.27,2.01,3.54,3.89,3.74,5.84,6.99,5.12,8.1,5.8,4.15,4.55,6.8,5.68,8.93
PRECTOTCORR,1985,1.94,0.41,0.5,0.84,2.21,8.02,5.41,4.31,4.36,3.62,2.4,2.03,3.02,6.11,5.19,8.46,7.1,5.58,8.39,5.77,7.62,3.44,7.81,3.7,8.93
PRECTOTCORR,1986,2.53,0.39,0.57,0.46,4.46,7.97,4.69,8.08,5.73,8.05,4.5,3.83,4.3,7.51,6.64,7.76,5.6,5.18,6.31,4.57,6.56,7.1,8.79,5.45,7.84
PRECTOTCORR,1987,1.6,1.15,0.68,4.52,4.08,4.69,3.87,4.87,3.26,6.51,2.62,1.59,3.3,7.16,6.9,5.82,5.7,8.92,5.64,7.61,5.52,5.17,6.78,4.91,8.29
PRECTOTCORR,1988,2.52,0.84,0.74,1.74,3.24,2.68,3.06,5.21,6.42,4.97,3.49,1.14,3.01,6.65,3.9,5.28,3.99,7.92,4.92,3.89,5.12,4.23,5.95,7.03,6.19
PRECTOTCORR,1989,0.45,0.61,0.34,0.39,2.04,5.37,3.02,3.94,5.07,4.72,2.43,2.15,2.55,6.91,3.21,5.79,7.6,5.82,7.45,7.26,5.44,8.4,8.07,8.28,4.46
PRECTOTCORR,1990,1.64,0.87,0.85,0.92,3.56,4.52,2.94,5.63,3.53,5.97,3.07,2.25,3.0,7.84,4.6,6.8,3.21,5.68,5.86,3.73,5.3,6.76,6.32,8.14,4.19
PRECTOTCORR,1991,3.09,1.34,0.17,0.82,5.23,4.24,4.14,2.08,3.09,5.77,3.23,1.96,2.94,5.85,6.77,7.02,5.66,7.13,7.36,8.36,7.17,4.1,5.31,3.47,5.6
PRECTOTCORR,1992,0.14,0.99,0.41,0.98,3.35,2.64,5.97,3.73,3.11,3.16,2.72,0.92,2.35,7.36,6.0,4.84,4.27,3.64,3.9,8.27,5.98,4.47,5.07,3.77,4.51
PRECTOTCORR,1993,0.28,0.21,0.76,1.58,7.73,4.33,2.53,3.93,7.12,2.29,1.06,1.28,2.77,5.44,5.96,6.56,8.27,8.56,3.11,8.2,8.73,3.64,6.54,7.67,5.93
PRECTOTCORR,1994,0.02,0.29,0.17,1.09,1.06,2.47,3.58,2.74,2.9,4.1,3.49,1.01,1.92,3.28,6.33,5.14,6.96,8.39,6.92,7.3,3.78,7.97,6.95,7.09,4.73
PRECTOTCORR,1995,0.16,0.4,0.67,2.33,5.41,5.88,3.18,7.18,4.58,4.24,2.42,0.67,3.11,7.7,8.33,8.64,3.84,4.66,4.18,7.93,7.79,8.59,4.1,7.25,6.81
PRECTOTCORR,1996,1.43,1.52,0.19,0.47,4.59,2.63,2.41,2.39,2.65,2.79,3.81,2.33,2.27,7.92,7.97,8.13,3.0,4.96,3.36,4.86,4.42,5.17,6.64,5.55,3.2
PRECTOTCORR,1997,2.01,1.32,0.48,1.93,6.5,7.97,4.26,5.94,7.64,8.79,4.29,2.07,4.45,3.44,5.29,6.32,5.78,6.2,5.85,6.55,8.69,4.26,8.21,6.78,8.25
PRECTOTCORR,1998,0.03,0.31,0.16,0.84,6.4,7.36,10.44,8.91,5.68,11.41,4.9,8.7,5.48,4.6,6.59,4.87,5.33,3.62,8.46,7.59,8.67,6.52,3.74,6.63,5.94
PRECTOTCORR,1999,2.14,4.38,1.37,5.68,7.6,8.87,5.75,10.64,9.09,7.41,4.98,8.6,6.38,7.6,3.87,7.71,6.13,8.75,5.42,6.28,4.77,8.14,7.51,8.66,5.0
PRECTOTCORR,2000,4.24,2.93,0.77,2.86,6.55,8.58,6.59,7.03,6.36,4.61,4.82,2.66,4.83,7.04,8.43,8.48,3.69,8.17,7.44,6.73,7.42,8.63,3.45,7.65,6.19
PRECTOTCORR,2001,2.25,2.15,1.26,2.88,5.01,6.98,4.54,5.29,5.2,7.15,6.51,2.25,4.29,5.6,5.74,3.34,5.29,7.76,5.51,3.19,3.69,4.42,4.42,6.72,6.17
PRECTOTCORR,2002,3.67,1.38,1.77,2.4,10.41,6.79,11.45,9.38,5.69,5.62,9.59,4.18,6.06,8.62,6.75,7.97,5.02,8.71,5.8,7.78,3.2,5.95,7.07,4.97,3.22
PRECTOTCORR,2003,2.36,2.04,1.4,2.91,9.11,4.18,4.6,3.74,2.97,5.98,5.72,5.25,4.21,4.76,8.32,6.3,3.32,7.73,4.96,3.3,4.38,7.08,6.17,3.57,6.35
PRECTOTCORR,2004,1.05,2.23,3.62,1.85,7.3,4.17,4.75,4.38,6.92,4.76,11.51,5.35,4.82,3.86,5.97,7.66,4.41,5.93,3.47,4.89,7.44,4.35,3.59,3.75,4.52
PRECTOTCORR,2005,6.79,4.2,1.63,6.8,5.66,8.27,6.63,6.94,10.28,11.36,7.46,2.0,6.5,7.24,5.93,4.45,5.33,8.07,7.55,6.86,6.91,5.08,8.82,3.74,6.71
PRECTOTCORR,2006,6.81,2.45,4.8,2.2,7.55,5.77,9.33,4.84,5.23,3.77,5.3,5.48,5.32,8.58,8.9,3.19,6.15,6.27,5.93,6.1,3.97,8.44,8.24,4.92,8.56
PRECTOTCORR,2007,3.33,0.15,1.91,4.22,8.73,5.55,6.32,5.91,5.81,8.76,13.28,10.68,6.26,8.42,5.13,6.53,3.72,3.51,4.97,7.68,8.85,7.5,3.78,8.61,4.75
PRECTOTCORR,2008,2.48,2.04,1.14,4.99,6.59,8.77,7.49,9.86,6.95,8.74,6.77,2.54,5.7,3.72,5.97,5.6,8.61,7.95,7.9,7.69,8.44,3.48,4.65,5.56,4.86
PRECTOTCORR,2009,1.92,3.86,5.41,1.6,5.08,7.0,8.48,6.21,3.67,7.81,4.83,1.44,4.79,4.41,5.63,6.45,7.52,3.04,7.08,4.02,3.3,6.89,8.06,3.49,8.75
PRECTOTCORR,2010,4.83,2.3,2.89,3.74,7.44,6.11,6.74,5.96,14.47,5.04,12.43,7.06,6.59,8.39,6.68,8.1,6.52,8.53,3.78,6.74,6.57,8.16,5.74,5.43,4.84
PRECTOTCORR,2011,4.84,4.36,0.39,1.53,3.14,7.75,7.13,6.76,5.7,13.79,7.01,5.78,5.69,4.02,4.16,8.91,7.84,6.89,3.52,7.79,8.71,4.77,5.12,6.36,6.38
PRECTOTCORR,2012,4.25,1.38,2.46,3.57,4.26,5.23,11.76,7.59,6.5,5.76,7.22,4.1,5.36,4.67,7.13,3.34,7.64,7.43,4.22,7.84,7.87,7.08,5.31,4.23,8.79
PRECTOTCORR,2013,0.87,2.19,3.82,4.26,7.04,9.76,4.97,4.03,8.01,8.34,8.29,3.91,5.46,6.07,7.69,5.15,3.15,7.25,4.53,3.8,5.67,8.17,7.82,8.02,4.18
PRECTOTCORR,2014,2.33,1.82,1.16,6.46,5.62,8.17,13.46,9.71,10.68,9.43,7.6,10.18,7.25,8.41,5.08,4.83,3.44,4.23,4.61,7.75,3.9,5.28,3.92,6.8,5.15
PRECTOTCORR,2015,5.55,3.84,2.56,3.86,8.18,8.96,7.93,5.4,9.05,9.4,8.69,4.19,6.48,3.6,6.56,5.56,6.75,3.58,6.93,7.93,5.22,6.3,5.85,4.56,4.37
PRECTOTCORR,2016,2.2,4.16,1.02,3.07,5.46,10.77,8.31,8.44,6.56,11.06,12.83,5.71,6.63,6.24,7.13,5.7,7.22,8.18,5.49,4.39,4.47,4.29,8.43,3.86,4.38
PRECTOTCORR,2017,4.29,1.51,3.13,5.19,18.42,10.88,9.28,8.28,12.79,17.98,5.4,5.0,8.57,5.53,5.0,5.09,5.82,6.01,7.93,4.33,8.34,5.17,6.78,6.27,8.41
PRECTOTCORR,2018,11.85,3.35,3.29,4.88,10.26,11.86,16.5,9.19,8.78,13.14,5.21,2.1,8.42,7.32,7.81,5.91,3.93,5.75,8.33,6.79,4.9,5.47,4.07,4.94,3.84
PRECTOTCORR,2019,0.73,1.52,4.71,4.75,13.5,8.53,6.26,8.3,9.8,12.51,9.94,6.34,7.28,6.21,3.75,8.93,7.84,7.52,4.19,5.96,6.22,5.15,4.23,7.25,7.27
PRECTOTCORR,2020,4.42,2.55,0.82,6.57,7.76,13.64,6.98,7.83,8.88,13.55,16.18,10.77,8.33,7.21,5.44,4.46,3.69,7.55,4.72,3.59,8.9,6.92,6.37,4.59,3.51
PRECTOTCORR,2021,3.27,1.53,5.2,9.74,10.32,9.86,9.89,12.41,7.95,7.6,4.09,4.18,7.21,8.46,4.72,7.8,6.55,6.31,3.76,5.75,5.25,8.95,3.84,5.7,7.9
PRECTOTCORR,2022,1.4,1.65,7.19,8.26,8.59,15.96,7.43,6.15,10.84,9.1,11.4,3.39,7.62,4.41,3.25,6.01,3.21,3.33,8.63,5.73,5.3,6.46,5.39,7.1,8.67
PRECTOTCORR,2023,2.61,3.12,4.89,3.41,7.45,9.71,9.46,7.49,5.91,12.31,9.81,4.84,6.78,3.05,7.46,5.51,7.25,6.31,7.96,8.27,3.04,4.9,5.2,5.32,3.69
PRECTOTCORR,2024,1.09,4.05,2.08,5.72,25.32,25.62,17.4,6.5,13.11,12.39,25.99,7.89,12.25,4.44,3.56,6.78,8.4,3.18,4.74,6.25,6.41,7.94,8.41,7.75,3.6
PRECTOTCORR,2025,3.95,2.06,2.53,11.42,-999.0,-999.0,-999.0,-999.0,-999.0,-999.0,-999.0,-999.0,-999.0,3.89,7.46,3.68,8.41,3.4,4.13,5.43,7.76,3.09,6.03,3.02,3.91
PRECTOTCORR_SUM,1981,81.85,93.1,53.33,180.6,206.5,355.9,103.56,299.07,270.81,199.23,275.36,132.19,2251.5,5.77,4.15,4.8,3.02,3.78,6.04,6.21,7.3,6.35,4.84,5.04,4.48
PRECTOTCORR_SUM,1982,102.28,83.67,41.74,111.39,275.81,87.58,261.23,151.3,175.2,204.61,81.24,111.37,1687.42,5.28,7.7,4.24,8.97,7.65,5.48,3.9,7.29,3.95,5.43,5.07,3.53
PRECTOTCORR_SUM,1983,42.87,2.58,28.7,112.82,93.33,138.31,163.39,175.31,152.12,231.61,90.34,102.71,1334.09,7.96,8.4,5.94,3.86,7.94,6.88,8.6,8.89,3.08,5.95,8.65,6.24
PRECTOTCORR_SUM,1984,21.27,29.15,18.65,81.59,148.16,173.52,148.82,203.06,175.02,164.33,68.09,62.18,1293.84,8.44,4.49,7.12,5.26,8.39,7.25,7.72,4.97,7.96,7.08,3.28,7.59
PRECTOTCORR_SUM,1985,60.14,11.45,15.62,25.35,68.66,240.49,167.71,133.63,130.81,112.16,71.96,62.81,1100.79,4.22,7.71,4.03,4.89,6.02,4.65,4.52,7.62,5.58,4.01,3.39,5.93
PRECTOTCORR_SUM,1986,78.53,10.85,17.65,13.8,138.17,239.1,145.25,250.33,172.03,249.44,134.93,118.77,1568.85,7.11,4.87,5.73,7.82,4.77,6.68,4.67,7.53,7.31,6.41,6.84,6.39
PRECTOTCORR_SUM,1987,49.5,32.28,21.21,135.58,126.38,140.73,119.9,150.9,97.72,201.72,78.59,49.29,1203.8,7.56,4.23,3.45,4.41,8.54,3.49,7.05,5.7,5.62,6.01,5.86,3.37
PRECTOTCORR_SUM,1988,78.15,24.42,22.84,52.08,100.46,80.51,94.87,161.49,192.46,154.16,104.74,35.28,1101.46,3.43,6.85,4.76,7.05,7.83,6.82,6.58,8.5,6.74,3.07,4.08,5.38
PRECTOTCORR_SUM,1989,14.01,16.98,10.52,11.7,63.3,161.17,93.55,122.16,152.25,146.21,72.89,66.66,931.4,8.0,8.46,4.11,7.17,3.58,5.28,6.06,5.15,8.55,7.52,3.76,6.85
PRECTOTCORR_SUM,1990,50.71,24.27,26.49,27.66,110.21,135.64,91.24,174.56,105.83,185.1,92.04,69.78,1093.53,6.99,4.94,6.68,7.4,4.95,7.11,5.65,3.61,4.96,4.19,5.81,7.38
PRECTOTCORR_SUM,1991,95.7,37.59,5.36,24.45,162.03,127.24,128.39,64.55,92.64,178.82,96.92,60.71,1074.4,7.11,3.24,6.24,5.15,8.66,4.28,4.87,5.57,3.72,5.96,8.5,6.76
PRECTOTCORR_SUM,1992,4.41,28.73,12.72,29.42,103.74,79.28,185.03,115.71,93.28,97.92,81.53,28.43,860.2,4.17,7.42,5.08,5.92,8.01,3.7,4.87,5.84,3.37,6.98,4.24,3.53
PRECTOTCORR_SUM,1993,8.73,5.77,23.48,47.39,239.5,129.77,78.35,121.77,213.49,70.92,31.77,39.61,1010.55,6.03,5.15,6.71,5.06,5.82,3.91,5.62,3.36,8.22,3.92,3.03,3.24
PRECTOTCORR_SUM,1994,0.76,8.19,5.14,32.76,32.98,74.22,110.91,85.02,86.98,127.12,104.74,31.31,700.13,5.98,8.92,8.73,4.96,6.7,7.76,5.99,5.83,8.82,3.48,3.19,4.1
PRECTOTCORR_SUM,1995,5.07,11.06,20.82,69.8,167.8,176.53,98.54,222.48,137.43,131.31,72.64,20.89,1134.37,7.55,7.56,6.56,4.52,4.33,8.05,7.11,6.06,3.98,3.5,5.02,4.63
PRECTOTCORR_SUM,1996,44.21,43.97,5.78,14.19,142.43,78.93,74.62,74.14,79.6,86.63,114.26,72.13,830.89,6.32,7.89,6.72,3.57,8.22,5.36,6.25,4.56,6.88,8.32,5.81,4.71
PRECTOTCORR_SUM,1997,62.34,37.01,14.89,57.88,201.43,239.17,131.91,184.21,229.21,272.61,128.78,64.3,1623.74,8.76,7.63,7.19,4.06,7.1,7.87,3.37,4.24,6.07,5.69,4.89,4.99
PRECTOTCORR_SUM,1998,0.82,8.69,5.03,25.14,198.25,220.78,323.67,276.1,170.44,353.56,146.86,269.6,1998.94,4.9,3.44,7.63,3.07,8.71,4.39,3.95,6.91,5.32,5.3,8.11,7.63
PRECTOTCORR_SUM,1999,66.35,122.54,42.59,170.42,235.63,266.01,178.21,329.88,272.83,229.67,149.3,266.75,2330.18,8.0,4.53,8.02,7.67,5.11,5.32,3.01,3.14,4.9,7.49,6.61,7.29
PRECTOTCORR_SUM,2000,131.59,84.88,23.73,85.66,202.91,257.4,204.44,218.08,190.71,142.9,144.57,82.47,1769.34,8.65,6.45,8.36,3.42,6.53,5.71,6.61,8.85,7.04,8.19,7.49,8.61
PRECTOTCORR_SUM,2001,69.82,60.21,39.09,86.54,155.36,209.34,140.6,163.97,155.89,221.62,195.21,69.71,1567.36,4.59,6.93,8.21,8.91,8.1,4.99,3.21,8.03,7.03,5.32,7.73,8.72
PRECTOTCORR_SUM,2002,113.82,38.55,54.82,71.95,322.83,203.68,355.01,290.7,170.72,174.37,287.63,129.58,2213.66,7.2,5.74,4.15,5.5,7.18,3.11,3.9,8.08,4.99,6.23,8.41,8.95
PRECTOTCORR_SUM,2003,73.24,57.15,43.35,87.4,282.44,125.5,142.73,115.86,89.22,185.41,171.74,162.82,1536.86,7.99,8.48,3.16,5.53,8.75,6.84,4.67,5.09,4.85,3.42,3.93,7.43
PRECTOTCORR_SUM,2004,32.57,64.64,112.24,55.47,226.44,125.25,147.31,135.88,207.49,147.6,345.18,165.92,1765.99,3.01,6.01,3.84,8.09,5.82,6.06,8.98,5.65,4.86,8.25,5.33,6.45
PRECTOTCORR_SUM,2005,210.55,117.71,50.42,203.88,175.48,248.03,205.64,215.05,308.52,352.25,223.7,62.03,2373.26,4.97,7.56,8.86,6.9,6.13,3.35,7.81,8.69,8.94,6.47,8.33,4.43
PRECTOTCORR_SUM,2006,211.08,68.68,148.75,66.03,234.18,173.15,289.21,150.11,156.79,116.93,158.9,169.94,1943.75,4.92,6.02,8.83,6.13,5.03,5.12,4.74,8.57,7.95,8.29,7.64,6.5
PRECTOTCORR_SUM,2007,103.35,4.27,59.21,126.7,270.63,166.52,195.93,183.07,174.37,271.59,398.39,331.14,2285.17,6.61,8.0,4.27,3.6,6.28,5.23,6.3,3.76,4.26,5.07,6.56,6.67
PRECTOTCORR_SUM,2008,77.02,59.13,35.42,149.71,204.16,263.12,232.18,305.76,208.43,271.01,203.0,78.72,2087.66,4.06,6.77,6.12,8.59,6.92,6.15,3.55,6.4,8.1,4.69,6.84,8.63
PRECTOTCORR_SUM,2009,59.64,108.08,167.74,47.92,157.55,210.03,262.95,192.45,110.15,241.98,144.91,44.65,1748.05,3.25,8.8,8.02,4.4,7.44,3.61,5.83,7.46,7.03,6.82,4.84,5.01
PRECTOTCORR_SUM,2010,149.69,64.47,89.62,112.11,230.63,183.16,208.94,184.9,434.19,156.18,372.89,218.87,2405.65,6.17,6.85,4.98,5.63,4.41,4.64,8.69,5.33,3.96,8.71,6.17,5.93
PRECTOTCORR_SUM,2011,149.98,122.21,12.16,45.77,97.48,232.45,221.1,209.41,170.9,427.54,210.3,179.2,2078.5,5.37,8.3,6.34,5.43,3.09,3.96,7.75,6.59,7.57,4.09,5.66,3.55
PRECTOTCORR_SUM,2012,131.89,39.99,76.3,107.09,132.1,157.04,364.44,235.33,194.91,178.68,216.49,127.09,1961.35,6.54,5.95,5.92,8.27,4.75,7.49,4.0,3.79,3.43,8.64,7.51,8.35
PRECTOTCORR_SUM,2013,27.06,61.24,118.55,127.82,218.25,292.85,153.93,125.01,240.19,258.52,248.8,121.14,1993.36,8.43,8.33,8.26,4.0,6.19,5.66,6.56,8.16,4.89,4.37,5.59,6.15
PRECTOTCORR_SUM,2014,72.26,51.07,35.95,193.9,174.32,245.07,417.3,300.88,320.25,292.31,228.08,315.63,2647.02,4.33,7.53,8.09,8.51,8.15,3.11,5.9,3.96,6.62,7.53,6.21,7.46
PRECTOTCORR_SUM,2015,171.9,107.62,79.44,115.93,253.66,268.78,245.76,167.49,271.54,291.49,260.8,129.76,2364.17,6.47,4.85,8.23,5.0,3.7,7.9,4.32,5.83,8.04,4.26,8.95,3.45
PRECTOTCORR_SUM,2016,68.08,120.74,31.67,92.15,169.26,323.1,257.59,261.78,196.69,342.88,384.79,176.91,2425.64,8.58,4.22,8.14,7.44,6.21,5.98,8.71,5.5,3.08,8.9,3.51,7.85
PRECTOTCORR_SUM,2017,132.87,42.27,97.04,155.81,570.93,326.31,287.8,256.78,383.59,557.39,161.87,154.91,3127.57,6.0,5.22,4.28,8.04,8.83,5.89,3.32,7.14,8.12,6.36,5.51,5.5
PRECTOTCORR_SUM,2018,367.34,93.77,102.08,146.43,318.14,355.88,511.39,284.92,263.43,407.34,156.19,64.95,3071.86,3.22,8.15,6.12,8.64,8.3,3.85,7.63,5.2,4.53,6.12,5.67,3.56
PRECTOTCORR_SUM,2019,22.65,42.64,146.12,142.39,418.58,255.94,194.16,257.22,294.02,387.89,298.22,196.57,2656.4,7.84,8.48,5.44,7.72,6.31,3.66,3.22,5.83,8.45,3.84,6.63,6.77
PRECTOTCORR_SUM,2020,137.07,73.95,25.28,197.06,240.58,409.23,216.41,242.73,266.41,419.9,485.29,334.01,3047.92,7.3,5.49,4.63,8.83,8.01,8.33,8.9,5.13,7.38,6.71,7.2,7.76
PRECTOTCORR_SUM,2021,101.45,42.93,161.12,292.17,319.96,295.87,306.55,384.7,238.49,235.75,122.78,129.66,2631.43,6.39,8.85,8.51,4.42,7.93,5.26,6.01,8.24,8.2,7.87,7.02,3.17
PRECTOTCORR_SUM,2022,43.42,46.31,222.83,247.76,266.35,478.87,230.37,190.57,325.22,282.13,341.96,104.96,2780.75,4.96,5.1,8.09,7.95,6.41,7.0,8.94,5.9,7.11,3.12,4.44,5.49
PRECTOTCORR_SUM,2023,80.76,87.3,151.59,102.28,231.09,291.24,293.25,232.04,177.24,381.46,294.26,150.04,2472.55,4.85,3.73,8.38,8.94,6.74,5.47,5.31,7.84,3.17,6.21,8.95,5.44
PRECTOTCORR_SUM,2024,33.88,117.35,64.52,171.48,785.07,768.48,539.28,201.52,393.4,384.18,779.73,244.65,4483.54,5.09,7.65,4.54,8.85,3.17,5.63,5.26,7.15,5.08,7.27,8.32,5.31
PRECTOTCORR_SUM,2025,122.3,57.69,78.32,342.6,-999.0,-999.0,-999.0,-999.0,-999.0,-999.0,-999.0,-999.0,-999.0,5.63,3.97,8.17,3.21,7.29,7.96,4.83,8.63,6.26,7.09,7.65,7.76
QV2M,1981,13.12,13.8,13.85,14.65,15.17,15.33,14.38,14.52,14.58,14.54,14.69,14.28,14.41,7.56,7.06,7.52,5.67,7.49,3.09,5.06,7.23,4.78,6.14,4.58,7.0
QV2M,1982,13.3,13.24,12.7,13.25,14.5,15.08,14.57,14.62,14.73,14.43,14.34,14.23,14.09,8.76,4.34,6.81,5.32,4.48,8.65,4.51,4.16,6.79,4.21,4.08,3.49
QV2M,1983,14.27,13.68,13.68,13.24,15.11,15.01,14.92,14.45,14.07,14.31,14.96,14.2,14.33,4.84,4.88,6.35,4.74,5.7,6.22,8.49,3.06,8.91,4.41,5.57,3.79
QV2M,1984,13.1,13.39,12.85,12.69,14.13,14.34,14.15,14.52,14.55,14.7,13.7,13.65,13.82,7.75,5.86,6.2,4.0,8.18,7.4,6.09,4.62,3.39,8.24,8.9,3.5
QV2M,1985,12.46,12.52,12.2,12.41,13.5,14.27,13.84,13.91,13.88,13.83,13.98,13.59,13.37,5.3,3.65,8.04,7.95,7.38,7.76,7.0,6.43,3.41,7.84,3.33,7.92
QV2M,1986,12.76,12.05,12.18,13.38,14.31,14.5,14.17,14.09,14.54,14.32,14.44,13.97,13.73,6.42,7.02,5.55,6.7,5.99,7.47,4.17,3.43,4.49,5.46,5.25,6.98
QV2M,1987,13.29,13.82,13.46,14.4,14.74,14.4,14.78,14.38,14.52,15.08,14.64,14.33,14.32,5.43,4.73,3.25,8.14,4.98,5.68,7.27,3.43,5.22,3.33,6.57,7.46
QV2M,1988,13.32,13.38,12.82,12.96,14.43,14.09,14.11,14.64,14.77,14.3,14.29,13.65,13.9,3.3,3.15,8.41,8.26,3.49,8.4,5.04,8.9,3.03,8.03,7.75,3.28
QV2M,1989,13.05,11.95,11.53,12.86,14.0,14.4,14.2,14.05,14.62,14.39,14.95,13.46,13.63,6.64,6.03,8.2,4.77,3.45,4.7,3.86,3.99,6.73,5.16,8.02,4.82
QV2M,1990,13.55,12.33,12.65,12.92,14.64,14.85,14.26,14.63,14.33,14.89,15.06,13.97,14.02,4.88,3.77,5.77,7.22,6.36,7.34,5.19,3.65,8.33,5.96,7.94,6.36
QV2M,1991,13.15,12.72,12.62,13.02,15.19,14.97,14.61,14.28,14.33,14.27,14.13,13.53,13.91,6.95,5.42,6.82,8.32,4.75,6.91,3.45,5.96,6.46,7.14,4.27,8.23
QV2M,1992,12.82,12.64,12.23,13.39,14.5,15.14,14.65,14.6,14.66,14.67,14.3,13.6,13.94,8.35,6.43,4.62,8.57,8.43,8.15,6.51,7.9,6.9,4.95,8.76,4.08
QV2M,1993,12.99,11.99,12.57,13.49,15.4,15.68,14.79,14.98,14.7,14.93,14.22,13.55,14.12,7.42,8.98,6.53,4.37,8.35,8.01,6.01,5.76,9.0,4.37,6.28,6.18
QV2M,1994,12.26,12.32,11.76,12.93,14.45,14.53,14.7,14.52,14.77,14.65,14.75,13.48,13.77,6.01,8.64,3.91,3.4,4.25,5.62,4.58,7.54,8.46,6.94,7.79,4.07
QV2M,1995,12.59,12.3,12.64,14.21,14.85,15.65,14.74,15.52,15.31,15.54,14.69,13.61,14.31,5.32,4.86,3.52,8.74,5.5,6.7,7.12,7.24,7.46,3.63,8.97,7.08
QV2M,1996,13.03,12.84,12.46,12.93,14.8,15.24,14.66,13.93,14.75,14.99,14.55,13.52,13.98,5.0,8.9,4.97,7.01,8.06,4.83,4.56,7.75,5.17,6.36,3.49,5.77
QV2M,1997,12.35,13.41,12.02,12.82,14.69,15.53,15.62,15.25,15.46,15.82,15.56,13.96,14.38,3.47,8.7,7.13,7.69,6.23,6.3,3.25,7.86,3.86,4.25,3.21,8.83
QV2M,1998,13.48,14.02,13.28,13.77,14.98,15.86,15.44,15.55,15.69,16.08,15.09,14.82,14.84,7.73,5.49,5.17,5.01,6.9,3.02,3.19,3.14,5.93,4.34,6.13,4.09
QV2M,1999,13.54,13.2,12.98,13.7,14.88,14.99,14.79,14.87,15.18,15.09,14.49,14.07,14.32,8.01,7.91,5.71,4.0,4.27,3.67,8.54,4.39,8.89,7.54,8.39,5.39
QV2M,2000,13.09,12.93,12.9,13.6,14.92,15.13,14.65,14.92,15.11,14.69,14.55,13.89,14.2,5.54,4.02,7.05,5.4,4.64,7.4,7.37,3.4,3.0,4.56,8.11,6.08
QV2M,2001,12.98,12.7,12.61,13.6,14.53,15.3,14.68,15.68,14.98,15.6,14.93,14.77,14.37,7.64,4.72,8.57,4.55,3.48,5.14,4.16,3.38,4.77,8.2,5.72,4.9
QV2M,2002,13.73,13.11,13.1,13.12,15.64,15.86,15.63,15.28,15.46,15.44,14.93,14.04,14.62,6.91,5.1,4.89,3.35,6.28,7.12,7.89,7.5,7.93,4.35,8.11,5.98
QV2M,2003,13.7,13.52,13.32,13.72,15.75,15.6,15.19,15.17,15.15,15.63,15.31,14.54,14.72,7.77,7.75,4.92,7.26,6.08,5.42,3.95,6.88,5.43,5.67,7.77,7.14
QV2M,2004,13.51,13.41,13.69,14.05,15.53,15.41,14.84,15.34,15.16,15.25,14.88,14.26,14.61,3.66,3.67,7.33,7.84,5.76,4.85,6.23,5.27,3.34,8.84,6.0,5.84
QV2M,2005,13.87,12.98,14.17,14.53,15.79,16.5,15.75,15.46,15.63,15.78,14.89,13.57,14.92,6.77,4.27,3.27,3.43,8.65,4.34,4.05,3.45,3.43,5.16,8.78,3.25
QV2M,2006,14.01,13.11,13.43,13.71,15.13,15.59,15.71,15.31,15.0,15.44,14.9,14.75,14.69,4.74,8.82,3.35,3.75,5.85,3.27,5.6,4.34,5.05,8.08,3.13,7.92
QV2M,2007,13.95,12.89,13.2,14.24,15.61,15.57,14.99,15.21,15.23,15.39,15.25,14.09,14.64,7.86,4.48,6.62,5.33,7.99,5.59,5.23,7.03,8.78,3.34,6.41,3.17
QV2M,2008,13.2,13.04,12.85,13.73,14.67,15.52,15.02,15.2,15.24,15.49,15.02,14.08,14.42,8.73,8.29,3.82,8.24,8.03,4.19,6.58,3.34,6.58,3.47,7.19,8.26
QV2M,2009,13.58,13.23,13.05,13.46,14.95,15.72,15.53,15.31,15.22,15.72,15.18,14.54,14.63,4.66,7.86,8.13,6.07,3.36,3.53,7.91,5.61,4.2,6.05,7.88,6.83
QV2M,2010,13.86,14.49,14.13,14.81,16.22,15.26,15.34,15.53,15.31,15.02,14.4,13.31,14.81,6.93,4.73,8.23,6.25,7.84,3.35,5.48,3.0,6.51,8.08,7.9,7.0
QV2M,2011,13.53,13.72,12.88,13.14,14.33,15.25,15.22,15.02,15.24,15.17,14.53,14.3,14.36,8.19,5.3,5.54,3.75,6.92,6.27,3.65,8.33,4.47,5.81,8.72,5.05
QV2M,2012,13.34,12.95,13.25,13.87,15.32,15.61,15.42,15.02,14.79,14.91,14.97,14.58,14.51,7.95,7.87,6.83,4.31,8.79,7.66,7.55,6.82,8.02,4.49,8.78,4.47
QV2M,2013,13.77,13.18,13.67,14.3,14.79,15.89,15.3,14.98,15.51,15.21,14.76,14.21,14.64,3.71,6.41,8.94,5.34,4.79,5.69,5.35,8.23,5.3,5.12,7.13,7.15
QV2M,2014,13.63,13.12,12.92,14.43,15.04,15.91,15.81,15.07,15.18,15.42,15.17,14.73,14.71,8.83,5.44,7.9,3.93,4.75,3.34,3.33,4.55,7.23,5.54,3.74,8.07
QV2M,2015,14.02,13.69,13.46,14.45,15.27,16.33,15.57,15.54,15.82,15.96,15.69,15.54,15.12,5.14,6.81,8.17,3.74,5.26,4.79,5.71,8.56,7.79,5.46,3.87,6.01
QV2M,2016,14.11,14.0,13.91,14.38,15.59,15.87,15.06,15.75,15.31,15.86,15.49,14.85,15.02,4.7,6.88,3.12,3.85,3.29,5.14,5.75,6.99,5.53,5.69,3.27,5.63
QV2M,2017,13.81,13.64,13.39,15.04,16.5,16.16,15.89,15.6,16.1,15.54,15.28,14.51,15.13,6.19,3.98,8.18,5.11,3.92,6.19,7.58,6.41,8.6,8.73,8.32,4.43
QV2M,2018,14.27,13.38,13.56,14.51,15.25,15.86,15.58,15.27,15.48,15.25,15.25,14.1,14.82,8.57,7.72,3.88,6.06,7.87,7.94,3.82,7.19,5.46,8.63,3.84,8.82
QV2M,2019,13.36,12.78,13.44,14.2,16.2,16.37,15.51,15.67,15.68,15.71,15.12,15.19,14.95,8.37,7.92,7.9,4.85,3.33,6.52,6.44,7.68,5.0,6.33,3.61,7.89
QV2M,2020,14.71,14.33,13.41,14.12,15.82,15.77,15.08,15.43,15.15,15.69,15.47,14.47,14.96,7.01,4.0,4.65,3.1,5.11,8.62,3.67,4.66,8.61,5.95,5.37,8.61
QV2M,2021,14.0,13.98,13.48,15.01,15.59,15.57,15.67,15.24,15.33,15.47,14.52,14.77,14.89,3.21,7.4,4.6,4.23,6.81,8.14,6.57,4.59,5.12,8.41,4.17,3.64
QV2M,2022,13.34,12.74,13.69,14.79,15.78,15.41,15.61,15.07,15.51,15.36,15.27,14.24,14.74,7.82,6.67,6.21,5.44,6.96,5.18,8.32,6.06,3.3,5.46,5.95,3.15
QV2M,2023,13.94,13.63,13.92,14.06,15.52,16.31,16.14,16.12,15.74,16.61,16.41,15.55,15.34,3.64,7.5,7.76,7.93,5.43,6.99,7.13,6.05,5.11,8.45,4.97,3.19
QV2M,2024,15.02,14.21,14.53,14.71,16.36,16.99,16.54,15.92,16.32,16.31,15.99,15.32,15.69,7.35,7.88,3.37,6.32,7.87,7.73,4.78,5.87,7.29,8.38,4.94,3.09
QV2M,2025,14.75,14.34,14.19,14.85,-999.0,-999.0,-999.0,-999.0,-999.0,-999.0,-999.0,-999.0,-999.0,3.06,6.03,8.86,5.62,3.28,8.71,7.81,6.08,5.51,8.75,4.29,7.82
RH2M,1981,88.79,89.09,85.61,87.67,88.01,92.33,90.36,90.62,90.73,91.51,92.54,91.0,89.85,3.77,3.35,3.3,5.77,4.99,3.94,3.87,5.73,4.68,6.09,7.0,8.02
RH2M,1982,89.43,86.99,82.57,82.51,85.71,89.27,91.26,90.88,91.05,92.28,90.15,90.46,88.56,3.32,5.48,3.57,6.87,4.98,7.84,3.15,5.28,5.79,3.02,7.7,8.81
RH2M,1983,88.61,83.62,79.12,76.23,84.75,86.92,89.27,89.29,88.14,91.47,92.17,91.35,86.78,6.58,4.42,6.89,5.42,7.57,3.96,5.04,3.68,5.35,7.52,7.65,7.53
RH2M,1984,87.41,85.46,79.35,76.8,82.92,89.41,90.08,90.38,91.43,92.04,90.17,89.25,87.07,6.92,3.51,7.49,5.19,3.93,7.25,8.6,3.08,7.08,3.6,4.4,8.74
RH2M,1985,86.96,82.98,78.17,76.09,79.52,88.62,89.75,89.88,88.23,87.68,88.18,88.1,85.37,7.69,5.89,8.2,4.95,5.3,3.37,7.11,6.74,4.81,4.85,8.63,3.01
RH2M,1986,86.18,80.24,78.66,78.53,82.71,88.53,90.71,89.85,90.76,91.28,91.29,90.04,86.61,8.42,3.5,8.7,4.87,8.4,8.35,5.89,7.26,4.01,8.27,8.72,4.08
RH2M,1987,88.54,86.85,79.61,85.93,86.4,86.2,89.92,90.2,88.33,91.36,89.44,87.88,87.56,4.26,4.09,6.82,6.34,5.58,7.09,8.1,6.97,4.82,3.37,8.78,5.16
RH2M,1988,84.68,83.86,79.33,76.99,81.95,85.12,87.74,90.26,91.65,89.57,89.58,87.92,85.73,7.36,4.66,8.18,4.13,4.21,6.32,6.29,6.78,6.4,4.52,3.82,8.94
RH2M,1989,83.94,80.83,75.96,76.22,81.08,87.02,88.58,86.55,89.96,89.37,90.96,88.1,84.9,8.07,7.62,3.19,5.94,6.27,7.91,4.52,8.96,7.61,5.31,5.14,5.27
RH2M,1990,86.3,81.13,79.43,76.69,84.17,88.01,88.35,89.01,88.74,91.22,92.04,89.42,86.25,3.82,5.2,4.48,8.77,4.66,5.44,3.35,5.65,5.01,8.25,5.0,5.61
RH2M,1991,87.09,83.82,77.38,76.22,88.18,88.58,89.39,88.0,88.19,89.01,89.55,88.0,86.14,5.19,5.98,4.98,8.35,3.99,4.05,6.01,7.09,5.14,7.93,6.93,4.26
RH2M,1992,83.61,80.26,75.76,76.98,82.94,85.38,90.91,90.21,89.78,91.09,88.81,85.87,85.16,3.79,6.99,6.22,7.9,7.79,4.22,7.91,8.9,8.44,3.61,4.25,7.36
RH2M,1993,82.13,76.91,77.57,76.62,87.83,91.36,89.99,90.82,91.33,91.12,88.47,85.61,85.87,3.53,6.32,8.2,4.82,5.37,3.3,6.93,5.52,8.09,6.82,7.83,3.87
RH2M,1994,80.26,78.9,73.32,76.41,81.22,84.71,88.31,87.58,87.69,89.2,90.63,85.28,83.65,5.53,5.83,5.51,7.79,7.74,6.22,6.06,8.07,5.83,5.62,6.51,5.16
RH2M,1995,80.72,78.11,76.16,79.88,85.78,90.85,89.11,92.17,92.56,93.05,90.12,87.44,86.37,7.59,8.74,6.53,7.46,8.13,6.88,6.29,4.76,6.57,3.34,6.85,6.03
RH2M,1996,85.92,83.18,76.59,76.16,84.64,89.15,88.12,85.65,87.45,89.24,88.92,86.57,85.14,8.87,3.65,7.89,3.66,3.45,5.39,4.77,8.43,7.45,4.07,8.38,3.76
RH2M,1997,83.46,83.97,76.72,75.38,86.87,91.84,91.22,90.61,91.32,93.26,93.42,89.12,87.28,7.3,6.86,7.84,7.29,7.9,4.01,4.87,7.67,6.17,5.17,7.02,5.92
RH2M,1998,85.96,80.73,75.73,76.46,82.45,90.92,92.14,92.95,91.57,94.48,92.67,93.44,87.51,3.72,4.69,7.32,5.33,3.97,4.67,5.37,8.35,8.97,3.95,5.25,5.62
RH2M,1999,89.79,88.82,85.19,84.72,89.5,92.3,92.07,92.19,93.52,93.86,91.78,92.98,90.57,6.59,5.67,4.71,7.21,5.1,4.95,3.03,4.26,4.99,5.75,5.22,4.85
RH2M,2000,90.39,89.06,84.8,84.77,87.78,91.93,91.56,92.24,92.26,91.75,90.86,90.55,89.83,5.34,7.0,7.02,7.16,5.78,4.54,8.32,7.18,6.92,3.96,7.16,7.78
RH2M,2001,88.02,85.69,80.74,83.34,84.17,90.79,90.21,92.12,91.4,92.63,92.67,90.76,88.56,8.89,7.48,7.66,7.64,5.34,5.98,3.97,3.45,4.0,5.34,7.18,8.82
RH2M,2002,89.16,85.92,83.25,81.56,90.59,91.63,93.83,92.77,91.74,93.42,92.22,90.57,89.76,8.13,7.67,8.91,6.38,6.31,3.18,4.39,8.45,8.78,6.1,5.99,4.85
RH2M,2003,89.48,87.26,81.22,80.76,90.46,92.13,91.47,91.02,89.79,92.03,93.48,92.23,89.3,4.0,7.76,8.74,3.02,3.92,3.34,6.28,8.76,8.56,7.39,6.92,8.93
RH2M,2004,88.03,85.99,85.7,81.37,89.81,90.95,90.82,90.78,89.9,90.89,92.47,91.37,89.03,5.4,4.37,5.3,5.99,6.62,3.37,7.95,5.72,6.07,4.11,8.57,3.69
RH2M,2005,91.77,88.51,85.4,85.99,89.55,93.36,91.62,92.32,93.82,94.36,92.86,89.21,90.74,7.97,4.83,7.18,3.79,5.12,3.15,8.86,7.32,3.57,5.4,5.31,8.04
RH2M,2006,91.18,87.91,86.93,83.7,88.69,91.76,93.01,91.07,89.84,90.78,92.86,91.77,89.98,3.72,5.95,5.93,3.35,8.89,5.6,4.84,8.97,8.69,3.61,6.59,8.29
RH2M,2007,89.84,83.94,82.31,83.51,90.24,91.15,91.38,91.31,91.33,93.23,94.14,91.4,89.52,8.83,5.77,7.99,8.34,5.06,5.15,7.52,7.15,6.89,6.75,7.37,7.33
RH2M,2008,89.54,87.96,83.96,84.5,87.18,92.23,92.58,91.62,90.43,93.62,92.71,90.29,89.73,8.38,6.81,4.93,3.33,8.54,3.36,7.59,6.67,4.38,6.55,8.16,8.03
RH2M,2009,89.06,87.89,86.62,81.9,85.64,91.34,91.29,90.92,88.78,92.85,91.88,89.56,88.99,6.11,8.78,3.76,3.74,7.22,4.84,7.14,3.63,5.15,4.84,8.21,7.56
RH2M,2010,88.51,87.4,83.92,82.68,90.07,89.9,90.1,91.94,91.87,91.56,92.29,90.79,89.27,8.62,8.77,8.95,3.47,6.88,6.77,6.64,6.09,7.66,4.4,5.2,8.44
RH2M,2011,89.29,88.61,83.23,79.61,80.84,88.15,90.92,88.92,90.33,93.43,91.93,92.65,88.16,5.64,7.75,7.99,3.16,8.01,5.3,3.24,6.0,8.45,7.05,5.49,7.31
RH2M,2012,89.48,86.77,84.72,83.37,86.78,89.09,91.86,89.87,89.93,90.96,92.55,91.08,88.88,4.01,4.35,4.26,8.09,6.18,4.75,8.41,3.96,4.4,8.6,3.61,7.44
RH2M,2013,88.19,85.65,84.4,84.37,87.17,92.33,92.14,90.42,90.77,92.04,90.96,90.61,89.11,3.57,5.7,4.75,5.05,8.2,8.13,3.14,7.32,7.53,4.95,8.99,8.2
RH2M,2014,89.43,86.58,80.87,85.09,86.87,91.54,93.13,91.03,91.19,92.34,93.04,92.94,89.52,4.57,8.13,3.52,8.94,6.01,6.27,3.23,3.53,8.93,4.19,7.52,6.79
RH2M,2015,90.67,89.37,86.31,85.46,89.03,92.44,92.27,90.63,92.01,91.34,92.71,91.26,90.3,6.09,4.13,7.06,7.21,3.2,6.97,5.78,3.77,6.8,5.3,6.92,7.92
RH2M,2016,88.75,88.27,81.08,80.55,85.09,91.43,90.84,90.94,90.57,93.16,93.65,93.04,88.95,7.89,6.87,7.75,6.13,5.41,4.99,3.47,6.54,5.45,6.78,5.44,3.39
RH2M,2017,89.49,87.23,84.18,85.89,92.91,92.31,92.54,90.62,92.67,91.43,92.08,91.82,90.28,3.93,5.3,4.39,4.19,6.88,3.44,4.11,4.18,7.03,8.17,8.31,3.58
RH2M,2018,93.54,89.28,87.15,87.2,88.69,92.7,93.03,91.73,90.55,91.98,91.26,89.8,90.59,5.96,4.37,3.64,5.46,5.33,3.47,4.54,5.85,6.26,6.18,5.41,8.73
RH2M,2019,87.04,80.66,83.69,82.1,91.47,91.58,91.08,91.24,91.37,93.36,91.56,91.88,88.98,5.67,6.2,6.89,6.0,4.59,5.98,6.13,3.63,5.97,4.1,6.51,8.08
RH2M,2020,90.99,89.05,83.52,83.35,88.7,91.46,90.94,90.98,89.58,92.39,92.52,91.87,89.62,7.42,7.88,6.27,8.9,5.3,6.84,4.79,8.59,4.59,6.71,7.34,3.97
RH2M,2021,90.49,87.9,85.54,88.86,91.07,90.93,91.44,91.23,90.36,90.83,90.33,91.61,90.07,8.01,7.48,4.99,5.86,4.08,4.38,4.48,3.66,7.89,3.78,3.37,8.41
RH2M,2022,87.92,84.07,84.93,87.36,90.6,92.94,92.15,89.93,91.01,91.46,92.97,90.88,89.72,8.93,4.49,3.3,5.45,4.74,8.99,4.45,7.42,8.8,7.12,3.39,6.56
RH2M,2023,90.2,88.15,87.55,83.38,85.51,90.52,91.8,90.84,88.68,92.57,93.77,91.62,89.57,7.18,4.29,5.7,3.05,4.66,7.89,7.29,3.93,4.42,3.3,5.98,5.38
RH2M,2024,89.62,87.47,81.79,83.24,87.56,92.91,93.1,90.32,91.03,93.06,94.04,93.15,89.78,5.33,8.24,3.33,5.95,4.64,3.89,3.25,4.99,5.34,7.02,7.54,7.54
RH2M,2025,91.29,88.61,84.79,87.64,-999.0,-999.0,-999.0,-999.0,-999.0,-999.0,-999.0,-999.0,-999.0,4.84,3.33,7.21,5.62,3.0,8.47,4.61,6.1,4.9,8.99,8.36,4.09
T2M,1981,18.52,19.25,20.05,20.51,20.99,20.26,19.62,19.75,19.79,19.57,19.57,19.4,19.77,7.59,8.8,6.42,3.63,7.37,7.51,6.43,5.76,5.59,8.76,4.1,7.63
T2M,1982,18.61,19.02,19.36,20.13,20.81,20.61,19.66,19.81,19.89,19.29,19.64,19.45,19.69,5.24,3.56,7.68,7.34,3.15,6.99,8.98,3.29,8.71,8.84,3.59,8.72
T2M,1983,19.84,20.24,21.37,21.72,21.64,21.04,20.46,19.96,19.76,19.34,19.89,19.27,20.38,6.04,5.42,8.08,5.95,4.59,8.06,8.79,3.14,4.2,3.81,4.38,8.05
T2M,1984,18.75,19.53,20.35,20.86,21.03,19.78,19.43,19.78,19.61,19.67,18.91,19.01,19.73,7.43,5.81,3.15,5.27,6.71,8.54,7.61,6.37,7.71,3.28,5.31,6.58
T2M,1985,18.1,18.98,19.8,20.66,21.08,19.88,19.15,19.22,19.53,19.59,19.65,19.18,19.57,8.33,8.21,4.93,3.97,8.83,3.93,4.41,4.03,4.03,8.46,4.1,6.44
T2M,1986,18.62,19.1,19.65,21.16,21.32,20.16,19.35,19.42,19.72,19.42,19.51,19.23,19.72,8.27,7.93,6.77,7.99,8.95,3.55,8.0,6.93,6.13,7.9,5.93,7.89
T2M,1987,18.74,19.71,21.02,20.62,20.9,20.54,20.16,19.67,20.22,20.22,20.13,20.08,20.17,6.72,4.38,8.91,5.78,5.26,5.45,6.06,8.8,7.34,4.89,7.65,3.06
T2M,1988,19.61,19.87,20.28,21.21,21.61,20.47,19.9,19.96,19.84,19.7,19.7,19.32,20.12,4.22,7.75,6.56,3.29,3.61,8.82,6.33,3.69,5.16,4.12,6.59,3.12
T2M,1989,19.39,18.78,19.5,21.06,21.32,20.42,19.83,20.08,19.97,19.87,20.12,19.03,19.95,3.01,3.95,6.62,7.72,5.92,4.75,3.18,6.54,3.07,8.69,4.45,4.11
T2M,1990,19.55,19.24,20.08,21.12,21.31,20.65,19.91,20.19,19.93,20.01,20.01,19.36,20.12,3.92,8.58,5.27,4.43,6.17,6.32,5.24,6.43,5.1,7.54,8.17,5.56
T2M,1991,18.93,19.06,20.51,21.4,21.02,20.63,20.1,19.94,20.06,19.79,19.52,19.13,20.01,6.59,6.12,6.69,8.72,3.07,3.69,7.1,6.64,4.35,3.32,7.26,3.36
T2M,1992,19.24,19.85,20.52,21.61,21.39,21.55,19.84,19.93,20.06,19.79,19.87,19.66,20.27,5.25,7.06,7.02,5.52,5.52,8.23,5.03,5.87,8.75,3.86,6.46,5.35
T2M,1993,19.8,19.82,20.43,21.81,21.29,20.81,20.15,20.21,19.81,20.09,19.85,19.67,20.31,6.1,3.43,5.79,8.35,7.19,8.04,3.94,6.23,4.27,6.59,4.21,6.66
T2M,1994,19.28,19.74,20.48,21.12,21.73,21.05,20.44,20.39,20.64,20.18,19.99,19.63,20.39,5.88,7.87,4.01,4.17,4.54,7.97,7.81,8.88,8.12,7.21,8.25,3.72
T2M,1995,19.62,19.94,20.91,21.86,21.16,20.9,20.27,20.52,20.2,20.35,20.04,19.37,20.43,7.61,4.82,3.94,7.46,3.82,3.62,4.48,7.39,3.1,5.45,3.41,6.31
T2M,1996,18.95,19.42,20.51,21.22,21.39,20.83,20.42,20.14,20.66,20.53,20.13,19.43,20.3,8.21,6.54,8.17,3.64,5.2,8.59,7.03,7.63,6.47,6.29,5.7,3.4
T2M,1997,18.76,19.88,19.96,21.29,20.75,20.58,20.81,20.56,20.61,20.61,20.3,19.41,20.29,3.92,6.42,6.56,8.07,5.07,8.94,4.95,3.61,4.25,8.99,5.82,4.87
T2M,1998,19.47,21.35,21.76,22.2,22.12,21.12,20.46,20.37,20.81,20.63,19.94,19.54,20.81,7.57,4.79,4.85,5.48,5.01,8.18,8.7,4.43,6.27,7.26,8.1,4.21
T2M,1999,18.8,18.62,19.1,20.06,20.4,19.92,19.77,19.82,19.89,19.73,19.48,18.79,19.54,3.31,6.72,4.51,3.54,6.56,3.3,3.74,3.38,8.4,3.53,7.1,5.3
T2M,2000,18.17,18.26,19.12,19.96,20.83,20.15,19.72,19.85,20.05,19.72,19.72,19.06,19.55,3.74,5.92,4.95,3.43,7.09,5.63,3.05,7.37,6.51,7.74,7.39,3.89
T2M,2001,18.5,18.63,19.73,20.31,21.2,20.58,20.03,20.68,20.07,20.49,19.79,19.96,20.01,4.56,5.44,7.33,5.93,4.34,4.6,4.09,8.2,7.25,7.12,5.54,5.0
T2M,2002,19.18,19.11,19.73,20.16,20.97,20.97,20.31,20.14,20.52,20.16,19.9,19.24,20.04,4.08,5.62,3.27,4.69,7.67,4.28,6.03,5.26,5.32,5.89,8.29,7.12
T2M,2003,19.06,19.33,20.44,21.07,21.11,20.59,20.32,20.38,20.59,20.65,20.03,19.45,20.26,7.6,8.97,4.25,8.8,5.16,5.19,4.43,6.97,6.52,7.02,8.03,8.63
T2M,2004,19.14,19.49,19.86,21.32,21.02,20.65,20.06,20.62,20.58,20.46,19.77,19.32,20.19,7.08,6.03,5.85,4.1,7.18,6.77,4.77,5.35,7.36,8.76,5.21,3.01
T2M,2005,18.81,18.42,20.48,20.78,21.33,21.24,20.87,20.41,20.29,20.36,19.69,18.94,20.15,8.02,5.47,5.56,4.78,6.05,6.71,4.59,5.85,7.54,4.47,5.18,8.16
T2M,2006,19.09,18.68,19.31,20.35,20.84,20.65,20.53,20.51,20.43,20.69,19.68,19.8,20.06,8.33,4.05,5.35,4.68,5.8,7.01,4.76,5.8,6.62,8.53,5.96,3.61
T2M,2007,19.28,19.26,20.09,21.05,21.02,20.78,20.09,20.35,20.38,20.16,19.83,19.14,20.12,8.15,4.62,6.69,3.56,5.35,6.63,8.09,4.87,5.03,3.96,6.21,5.68
T2M,2008,18.46,18.6,19.25,20.21,20.69,20.51,19.92,20.29,20.56,20.19,19.88,19.32,19.82,7.16,7.35,8.37,3.09,8.21,3.7,8.23,7.29,7.54,8.49,3.51,4.36
T2M,2009,19.01,18.83,18.92,20.45,21.31,20.9,20.7,20.52,20.9,20.57,20.19,19.97,20.2,3.07,8.98,5.06,5.11,4.5,7.86,6.15,5.93,6.41,3.67,5.22,6.76
T2M,2010,19.43,20.36,20.73,21.83,21.66,20.69,20.73,20.58,20.36,20.1,19.28,18.32,20.34,8.32,8.58,5.95,4.04,7.91,8.12,7.63,4.59,8.76,3.86,8.28,7.57
T2M,2011,18.88,19.27,19.42,20.62,21.73,21.06,20.43,20.64,20.58,19.9,19.51,19.13,20.1,7.9,7.21,6.3,6.5,3.06,4.09,4.93,6.08,3.49,4.7,6.79,5.57
T2M,2012,18.66,18.74,19.56,20.64,21.44,21.24,20.47,20.44,20.19,20.1,19.88,19.73,20.09,8.22,7.99,5.7,6.76,7.86,8.1,4.24,5.78,4.65,8.05,8.36,6.81
T2M,2013,19.41,19.27,20.17,20.9,20.8,20.85,20.3,20.29,20.78,20.18,19.94,19.41,20.19,3.22,3.86,3.28,8.31,4.01,7.47,3.89,7.46,3.02,6.43,8.18,3.85
T2M,2014,19.0,19.01,20.09,20.87,21.16,21.04,20.65,20.28,20.35,20.38,19.98,19.53,20.2,8.08,5.77,8.57,8.08,8.8,5.41,6.99,6.99,7.53,3.63,8.39,5.08
T2M,2015,19.2,19.11,19.49,20.8,20.93,21.3,20.57,20.86,20.85,21.14,20.57,20.72,20.47,5.84,6.37,3.99,7.48,3.7,8.97,8.49,6.18,5.63,7.53,7.23,3.38
T2M,2016,19.67,19.68,21.29,21.93,22.14,21.03,20.29,21.01,20.64,20.67,20.18,19.65,20.68,6.86,5.09,3.54,6.24,3.06,8.1,5.8,7.26,8.88,8.66,8.06,3.25
T2M,2017,19.19,19.47,19.94,21.35,21.38,21.14,20.84,20.91,21.01,20.67,20.27,19.5,20.48,8.89,5.73,7.72,4.1,8.87,8.18,6.44,7.16,3.4,8.1,5.83,5.3
T2M,2018,18.94,18.76,19.41,20.53,21.0,20.76,20.43,20.37,20.8,20.3,20.43,19.47,20.11,3.04,6.13,5.05,8.58,8.2,4.57,4.5,8.82,7.55,3.23,6.77,3.79
T2M,2019,19.2,19.99,20.14,21.37,21.38,21.52,20.73,20.87,20.84,20.47,20.22,20.23,20.58,8.51,5.42,4.19,6.95,8.47,3.94,8.44,5.69,8.29,5.32,4.79,7.08
T2M,2020,19.93,19.9,20.1,20.97,21.55,20.91,20.28,20.66,20.6,20.64,20.39,19.48,20.45,7.36,6.61,3.98,4.59,3.33,7.68,7.43,8.98,8.05,8.89,4.98,6.46
T2M,2021,19.21,19.7,19.69,20.68,20.85,20.84,20.84,20.42,20.69,20.73,19.84,19.86,20.28,5.51,8.47,5.66,8.36,3.13,5.22,7.04,3.45,5.8,4.68,7.87,3.53
T2M,2022,18.99,19.11,20.12,20.8,21.11,20.24,20.62,20.49,20.74,20.49,20.09,19.42,20.19,8.73,3.59,4.2,6.44,6.54,3.01,6.94,4.42,5.02,8.29,6.6,7.27
T2M,2023,19.22,19.29,19.78,20.89,21.93,21.64,21.23,21.4,21.45,21.52,21.08,20.66,20.85,7.65,6.62,5.7,5.97,7.41,6.22,8.52,3.21,8.72,7.09,8.8,5.75
T2M,2024,20.49,20.06,21.74,21.64,22.37,21.82,21.36,21.32,21.56,21.15,20.64,20.12,21.19,8.18,5.47,6.85,8.96,4.8,5.17,5.13,7.4,6.58,4.31,7.75,6.36
T2M,2025,19.89,19.99,20.68,20.78,-999.0,-999.0,-999.0,-999.0,-999.0,-999.0,-999.0,-999.0,-999.0,6.04,7.8,5.91,4.6,6.46,4.02,4.02,5.04,8.28,5.9,4.51,5.04
T2M_MAX,1981,23.9,24.29,27.35,26.39,27.09,25.68,25.1,26.52,25.94,25.27,24.98,24.22,27.35,5.14,3.03,4.16,7.66,7.91,8.48,6.24,7.07,8.81,8.5,6.35,7.76
T2M_MAX,1982,24.54,24.57,26.71,27.46,27.8,26.94,24.56,25.21,25.27,24.2,24.83,25.02,27.8,6.46,6.15,5.31,4.57,5.4,8.02,6.19,6.03,3.44,4.14,4.48,4.93
T2M_MAX,1983,26.13,28.61,30.75,31.09,28.2,27.26,26.33,25.36,26.0,25.0,24.97,24.19,31.09,8.89,7.55,6.93,8.67,4.76,7.19,9.0,7.86,3.72,7.55,5.55,7.96
T2M_MAX,1984,23.68,26.75,29.1,29.38,28.3,25.76,24.92,24.96,25.23,25.1,23.97,23.51,29.38,5.16,8.18,5.23,4.7,3.59,8.95,5.45,7.72,6.65,3.12,6.17,7.42
T2M_MAX,1985,23.45,24.81,29.14,29.95,29.84,26.37,24.49,25.31,26.07,25.91,25.14,24.95,29.95,7.38,6.61,4.1,8.94,7.71,8.89,5.52,7.73,7.62,6.62,3.48,3.35
T2M_MAX,1986,23.79,26.47,28.38,29.79,30.47,27.03,24.77,25.3,25.91,25.11,24.74,24.34,30.47,8.19,5.61,8.17,5.0,8.72,5.23,8.69,5.76,3.33,4.33,4.25,7.92
T2M_MAX,1987,24.2,25.99,31.03,27.01,27.66,27.39,25.32,25.17,26.64,25.52,25.33,25.75,31.03,5.51,5.16,6.33,7.73,8.76,6.27,4.48,5.5,8.42,8.03,6.32,6.83
T2M_MAX,1988,25.36,28.06,28.2,29.86,29.42,28.24,27.0,25.48,25.62,25.19,25.53,24.07,29.86,7.6,8.6,7.2,5.59,7.39,8.02,8.69,8.78,6.28,4.33,5.13,4.29
T2M_MAX,1989,24.62,27.01,28.33,29.23,29.11,26.96,25.95,26.12,25.63,25.41,25.6,24.7,29.23,3.34,3.03,5.28,3.31,3.63,3.76,7.93,8.68,8.5,7.63,8.42,4.65
T2M_MAX,1990,24.95,26.75,28.77,29.64,28.45,27.56,26.24,25.57,26.07,26.13,24.75,25.2,29.64,8.94,5.3,3.47,5.97,7.61,8.64,3.69,5.02,4.94,4.47,5.22,3.31
T2M_MAX,1991,24.22,26.19,28.83,31.26,27.23,26.46,25.53,25.73,25.96,25.53,25.28,25.24,31.26,5.97,6.66,5.88,6.23,3.48,4.87,5.23,5.04,7.11,5.58,3.64,7.69
T2M_MAX,1992,24.89,29.24,29.95,31.69,28.72,29.1,25.51,25.33,25.82,25.76,25.47,25.26,31.69,7.34,8.18,7.76,4.26,4.36,7.77,8.84,5.78,7.88,8.74,4.18,8.0
T2M_MAX,1993,27.21,28.41,29.17,30.75,28.8,25.4,25.17,25.05,25.14,25.54,25.3,24.84,30.75,8.14,4.22,6.22,5.43,5.23,3.86,8.96,7.72,6.03,6.12,3.34,8.47
T2M_MAX,1994,26.14,27.89,28.92,29.67,30.09,28.2,25.62,26.19,26.77,26.48,26.31,25.16,30.09,3.13,6.89,8.53,5.27,7.88,5.0,7.52,3.33,6.98,4.24,3.29,8.32
T2M_MAX,1995,26.49,28.01,29.32,31.39,28.52,26.85,26.19,26.07,25.04,25.74,24.94,25.32,31.39,6.25,6.27,7.94,4.48,5.02,7.65,3.48,8.68,3.14,4.35,5.41,4.7
T2M_MAX,1996,24.78,26.71,30.36,29.45,28.91,26.49,26.22,27.41,27.19,26.03,26.35,24.17,30.36,8.45,8.09,8.31,5.28,8.35,6.89,6.17,7.36,7.73,5.82,5.17,4.85
T2M_MAX,1997,24.92,26.41,28.85,29.36,28.18,27.73,25.12,26.64,26.0,25.7,25.79,24.79,29.36,3.31,3.38,9.0,5.78,4.54,6.4,8.07,6.48,5.02,5.64,5.09,7.28
T2M_MAX,1998,26.32,29.92,31.29,31.78,31.12,26.66,25.86,25.06,26.21,25.25,25.19,24.06,31.78,5.43,7.61,4.58,4.77,3.89,7.62,7.37,8.05,7.53,5.1,6.62,8.79
T2M_MAX,1999,24.21,23.93,25.86,26.91,25.79,25.41,24.82,25.65,24.54,24.49,25.14,23.39,26.91,7.43,7.5,7.45,3.72,8.81,4.16,8.87,5.43,4.83,5.76,6.55,4.74
T2M_MAX,2000,23.99,23.37,26.65,26.48,27.32,25.61,24.54,24.41,25.17,25.3,25.31,24.15,27.32,8.45,7.05,5.51,5.75,4.41,5.12,3.06,7.33,4.26,5.98,5.0,3.91
T2M_MAX,2001,23.89,24.28,29.46,28.02,28.91,25.32,25.52,26.32,25.44,25.54,25.53,24.9,29.46,6.31,8.12,8.53,3.72,5.85,6.59,8.86,3.53,8.49,5.54,6.19,5.86
T2M_MAX,2002,24.54,25.09,27.28,26.55,26.36,25.81,24.68,25.03,25.06,25.06,24.79,24.22,27.28,8.95,5.07,7.62,5.32,7.4,4.48,7.72,7.93,5.8,3.51,4.93,4.13
T2M_MAX,2003,24.68,25.62,29.82,29.24,28.47,25.66,25.64,25.74,26.16,25.94,25.16,24.02,29.82,8.33,6.11,4.8,7.86,6.38,7.41,7.92,8.29,8.23,3.15,5.54,6.52
T2M_MAX,2004,24.67,27.08,26.29,29.51,26.81,26.38,25.33,26.04,26.25,26.57,25.9,24.33,29.51,8.22,3.54,8.49,5.37,4.49,3.14,5.48,6.06,8.49,7.35,6.72,4.54
T2M_MAX,2005,25.36,25.95,26.42,27.34,27.64,26.92,26.88,25.4,25.93,25.58,25.02,24.76,27.64,8.82,4.24,4.77,7.54,3.77,6.02,7.11,5.13,6.9,3.57,7.54,5.86
T2M_MAX,2006,24.63,24.7,25.6,27.34,27.18,25.77,25.5,25.5,26.49,26.36,25.23,24.74,27.34,5.13,6.11,8.49,3.69,3.69,4.56,8.73,4.52,8.59,8.17,6.78,6.75
T2M_MAX,2007,24.02,25.84,27.7,28.98,27.16,26.33,25.17,25.44,25.92,24.73,24.3,24.05,28.98,8.62,6.49,3.67,6.89,5.69,7.05,3.76,4.78,3.68,4.49,8.1,7.42
T2M_MAX,2008,23.53,24.48,25.43,26.57,27.67,25.94,24.83,25.46,26.58,25.19,25.15,24.51,27.67,7.86,8.78,7.8,7.34,4.06,4.46,6.55,6.42,3.75,5.4,4.35,8.08
T2M_MAX,2009,23.59,24.27,26.19,27.03,28.07,26.11,26.18,26.12,27.01,26.33,24.77,25.53,28.07,7.63,5.0,5.49,4.69,7.63,6.13,5.1,3.41,8.91,4.54,4.05,6.37
T2M_MAX,2010,25.14,26.46,28.47,29.68,26.94,26.93,26.08,26.51,25.03,25.31,24.75,23.74,29.68,8.72,5.63,8.01,7.23,5.69,6.58,8.09,5.79,5.87,6.22,4.56,8.24
T2M_MAX,2011,24.33,24.9,27.51,28.87,29.62,27.72,25.88,26.51,25.56,25.68,24.62,23.87,29.62,8.86,4.66,4.8,6.67,7.66,6.02,4.78,3.29,8.28,8.31,5.4,8.28
T2M_MAX,2012,23.34,24.16,26.94,27.59,27.95,26.95,25.4,26.68,26.22,25.17,25.09,25.17,27.95,8.59,7.13,8.05,8.2,7.35,5.48,8.85,7.8,6.54,4.9,7.88,4.64
T2M_MAX,2013,24.39,26.18,29.11,27.93,28.31,25.77,24.95,25.94,26.11,25.44,25.49,24.51,29.11,6.78,7.81,3.9,8.91,4.38,4.36,5.81,5.05,7.7,4.12,8.27,8.31
T2M_MAX,2014,23.97,26.07,27.14,29.0,27.37,26.5,25.46,26.07,25.26,25.85,25.58,24.86,29.0,5.82,6.8,8.18,3.96,8.27,6.89,3.59,4.52,7.78,5.49,8.8,6.51
T2M_MAX,2015,24.04,24.87,26.38,28.75,26.83,27.05,25.82,26.46,26.37,26.93,25.73,25.43,28.75,5.25,4.71,4.19,5.12,5.7,7.18,8.72,6.35,8.31,5.35,8.56,4.39
T2M_MAX,2016,25.35,26.51,30.08,29.72,29.78,26.79,25.2,26.33,25.96,26.05,25.63,24.82,30.08,5.73,3.19,6.21,6.4,5.96,4.37,6.01,5.5,7.02,6.25,7.2,7.21
T2M_MAX,2017,24.67,26.02,28.1,28.42,27.08,26.24,25.32,26.81,26.56,25.95,25.73,25.16,28.42,7.83,3.22,6.09,8.98,5.52,7.44,8.55,8.14,7.62,3.5,3.3,4.45
T2M_MAX,2018,23.96,23.58,26.57,26.71,27.24,26.22,25.53,25.81,26.05,26.69,25.69,24.99,27.24,8.75,3.77,6.1,3.59,7.23,8.99,3.58,7.15,7.98,5.96,6.87,4.49
T2M_MAX,2019,25.95,28.68,27.81,29.62,27.74,26.28,26.21,26.22,26.44,25.66,25.17,24.73,29.62,5.96,8.42,7.68,3.95,8.64,8.13,7.55,6.34,4.38,6.23,3.91,4.1
T2M_MAX,2020,24.93,25.54,27.16,28.54,28.0,26.39,25.75,27.24,26.1,25.92,26.19,24.26,28.54,3.57,7.2,5.8,3.59,3.31,4.37,6.79,5.17,5.2,6.56,7.96,7.66
T2M_MAX,2021,24.24,25.43,26.89,26.94,27.07,25.98,25.91,25.09,26.4,26.15,25.94,24.62,27.07,8.26,4.97,7.18,7.0,3.36,3.29,6.34,4.12,8.77,5.25,4.15,8.11
T2M_MAX,2022,24.56,24.92,27.35,27.35,27.06,26.71,25.66,26.22,26.33,25.53,25.67,24.12,27.35,4.0,6.59,3.41,5.85,7.98,4.16,4.21,8.71,5.58,6.14,8.19,8.21
T2M_MAX,2023,23.81,25.5,26.88,29.09,28.39,27.36,26.35,27.28,26.95,26.68,26.1,25.7,29.09,6.76,6.47,7.9,8.48,6.29,7.88,6.0,7.4,3.05,3.42,8.37,4.44
T2M_MAX,2024,25.79,26.77,30.59,29.97,29.0,26.71,26.2,26.39,27.05,26.76,25.46,24.69,30.59,7.17,6.9,8.9,6.24,4.77,6.25,8.51,5.6,8.71,4.78,4.41,4.13
T2M_MAX,2025,24.42,26.03,27.44,27.01,-999.0,-999.0,-999.0,-999.0,-999.0,-999.0,-999.0,-999.0,-999.0,3.44,8.79,7.5,4.46,7.98,3.76,6.32,8.15,6.9,6.03,4.14,4.48
T2M_MIN,1981,14.19,14.68,12.66,16.23,15.97,14.92,15.16,15.54,14.75,13.65,14.72,14.84,12.66,3.15,3.06,5.1,4.73,3.03,7.6,8.5,3.55,8.97,4.3,3.37,6.76
T2M_MIN,1982,14.02,14.09,13.69,14.33,15.17,15.44,14.31,14.83,15.9,13.64,14.12,14.36,13.64,8.35,3.06,5.2,3.05,7.53,4.12,4.82,5.13,7.99,4.45,7.21,6.42
T2M_MIN,1983,15.75,14.86,15.2,15.01,15.63,16.1,15.55,14.75,13.83,13.35,14.96,14.31,13.35,4.24,5.9,5.5,8.02,5.61,3.29,6.47,6.09,7.73,6.61,4.06,4.68
T2M_MIN,1984,13.14,13.49,14.07,13.6,15.48,14.3,14.05,15.13,15.22,14.87,12.75,15.3,12.75,4.2,6.86,7.49,8.16,7.89,4.77,7.02,6.35,7.38,7.02,3.54,5.69
T2M_MIN,1985,14.37,13.8,14.28,14.87,14.49,14.86,14.08,13.08,14.88,14.58,14.97,13.74,13.08,5.04,5.68,3.45,4.32,7.09,4.2,5.04,5.58,8.53,5.53,4.32,4.44
T2M_MIN,1986,14.73,11.92,12.49,16.23,15.96,15.84,14.82,15.09,14.82,14.16,14.42,13.29,11.92,7.18,4.34,5.95,8.07,7.59,3.47,5.11,5.94,4.85,3.42,6.85,5.46
T2M_MIN,1987,14.11,15.17,12.08,14.74,16.69,14.44,15.09,15.35,14.19,15.72,15.63,14.87,12.08,4.81,5.47,8.74,8.73,7.42,5.57,5.6,5.86,4.78,8.66,3.71,5.27
T2M_MIN,1988,12.39,15.32,14.63,15.43,16.06,15.51,14.92,15.46,15.45,14.38,14.72,15.93,12.39,3.54,3.37,8.47,6.27,8.72,7.68,8.24,7.24,5.88,6.12,8.42,8.66
T2M_MIN,1989,15.66,14.76,13.31,15.21,16.76,15.64,14.62,15.52,14.44,14.77,15.3,13.8,13.31,6.64,5.96,5.36,6.36,6.85,6.71,7.63,4.62,3.83,3.0,5.2,5.16
T2M_MIN,1990,15.6,14.64,12.49,13.27,17.13,16.39,15.03,14.74,15.8,15.52,14.9,15.24,12.49,4.29,6.75,7.75,5.1,7.67,3.23,7.62,4.18,7.71,4.48,7.74,8.37
T2M_MIN,1991,13.41,14.35,14.14,14.6,15.83,15.16,14.23,14.69,16.4,15.0,13.81,14.8,13.41,4.03,6.1,6.38,7.36,8.4,6.71,6.36,3.64,6.6,4.85,7.07,8.05
T2M_MIN,1992,14.23,14.02,13.79,15.43,15.18,16.89,14.9,16.22,15.44,14.68,15.47,14.89,13.79,6.81,6.69,8.25,8.89,7.39,4.57,5.38,3.41,3.22,5.45,5.07,3.17
T2M_MIN,1993,14.62,14.69,12.18,15.86,17.4,16.97,16.37,16.55,16.12,15.6,15.52,15.4,12.18,5.11,8.23,6.8,5.11,8.32,4.29,4.63,7.06,7.37,5.24,7.94,3.53
T2M_MIN,1994,14.49,14.72,13.4,15.02,16.15,16.61,16.69,15.83,15.83,15.97,14.88,13.47,13.4,6.93,3.75,3.63,4.2,8.42,3.07,7.33,8.21,4.95,3.39,6.52,3.62
T2M_MIN,1995,14.46,13.79,13.42,16.09,16.52,16.6,14.82,16.95,16.18,16.89,15.93,14.62,13.42,5.34,4.0,8.29,7.16,6.54,6.77,8.5,7.67,7.71,8.22,5.64,8.89
T2M_MIN,1996,14.18,13.42,13.53,15.04,17.32,16.17,15.79,14.9,15.37,16.75,15.0,15.53,13.42,3.32,4.77,7.66,8.34,8.24,4.68,6.61,6.83,3.08,5.6,7.73,8.07
T2M_MIN,1997,12.68,15.13,14.13,14.48,15.83,14.7,17.22,16.45,15.56,16.97,16.48,14.09,12.68,4.16,5.53,5.5,8.22,6.72,3.95,4.29,6.71,4.99,4.29,5.8,3.96
T2M_MIN,1998,14.45,15.61,15.82,16.09,16.67,17.6,16.24,15.31,16.23,18.14,14.8,16.43,14.45,5.37,5.31,7.92,5.82,5.46,6.97,6.58,6.4,4.04,8.47,6.98,5.13
T2M_MIN,1999,13.83,14.38,13.65,13.81,16.3,15.44,15.13,15.18,16.66,16.09,15.38,14.69,13.65,4.23,7.79,6.03,7.38,8.02,6.72,8.79,7.35,8.69,6.64,8.81,3.06
T2M_MIN,2000,14.42,14.62,14.94,14.8,16.69,14.7,16.19,15.24,16.22,15.19,14.26,13.87,13.87,5.19,8.2,7.99,4.29,8.54,6.53,3.1,3.84,5.53,4.89,4.43,5.17
T2M_MIN,2001,13.56,14.77,13.49,15.64,16.32,16.61,14.54,16.6,16.23,16.6,14.35,14.59,13.49,3.09,8.99,3.93,5.45,6.86,8.73,3.41,5.01,4.46,8.67,5.75,4.01
T2M_MIN,2002,13.97,15.03,15.03,14.4,16.32,17.28,16.39,14.9,15.62,15.87,15.44,14.28,13.97,7.71,6.42,7.42,4.13,7.24,3.3,6.49,6.5,6.59,7.43,3.08,5.24
T2M_MIN,2003,14.72,14.67,14.33,14.76,15.88,16.44,15.89,15.99,15.12,16.94,15.76,15.17,14.33,6.73,8.34,7.94,4.13,6.26,8.86,4.76,5.68,3.76,5.15,7.57,6.03
T2M_MIN,2004,14.3,14.25,16.35,15.61,17.47,16.03,15.22,17.04,15.37,15.78,13.22,14.97,13.22,5.58,6.31,4.31,8.55,6.53,3.67,8.03,4.18,3.36,6.44,6.27,5.24
T2M_MIN,2005,14.42,13.7,14.77,14.39,16.94,17.39,16.8,16.56,16.37,17.65,14.45,12.42,12.42,4.34,5.13,3.97,8.25,6.07,6.07,8.77,6.44,7.31,7.48,5.98,8.14
T2M_MIN,2006,13.8,14.61,14.48,14.59,15.14,16.38,15.29,16.53,15.85,15.73,14.09,15.84,13.8,4.41,7.27,4.45,5.27,5.87,7.68,7.17,5.72,8.73,6.23,6.58,3.96
T2M_MIN,2007,16.38,14.22,15.36,14.69,17.21,16.56,15.52,16.23,16.02,15.6,15.82,12.76,12.76,5.89,8.97,4.94,3.25,7.21,6.66,5.74,5.62,4.4,8.62,8.24,8.96
T2M_MIN,2008,12.38,13.61,14.49,14.34,15.44,17.16,15.88,16.77,14.85,16.9,14.99,14.88,12.38,4.28,8.39,5.53,8.45,3.9,7.69,4.96,4.15,6.84,7.62,7.6,3.69
T2M_MIN,2009,15.55,14.31,13.92,15.26,16.78,16.94,16.89,15.96,16.35,15.79,15.52,16.12,13.92,6.91,7.09,7.71,8.12,5.97,3.99,7.27,5.5,6.9,8.8,3.28,7.92
T2M_MIN,2010,15.08,15.19,14.71,14.84,17.57,15.91,15.88,17.07,16.93,16.13,14.27,13.49,13.49,3.14,4.07,6.63,6.4,8.11,4.91,6.28,6.35,7.01,3.87,3.84,4.82
T2M_MIN,2011,14.43,15.17,13.7,14.01,15.82,17.29,14.98,16.32,16.0,15.48,15.3,15.88,13.7,3.71,4.58,4.01,5.66,8.65,8.4,3.89,3.44,6.48,7.74,6.78,6.43
T2M_MIN,2012,14.89,13.92,13.67,14.21,16.58,16.02,15.07,14.59,15.31,15.61,16.05,14.78,13.67,8.38,5.52,5.3,8.77,6.52,4.53,3.38,7.97,7.5,4.9,5.46,3.14
T2M_MIN,2013,14.57,14.85,14.9,15.47,12.33,16.19,15.37,15.15,16.45,15.35,14.06,13.58,12.33,3.69,4.91,4.75,5.19,7.15,3.93,6.94,7.16,8.33,5.06,7.17,7.31
T2M_MIN,2014,14.38,14.15,14.74,15.57,15.67,15.62,17.23,15.34,15.44,16.01,15.46,13.97,13.97,8.4,7.26,7.24,6.01,6.66,8.72,6.88,3.55,4.21,3.63,6.96,8.99
T2M_MIN,2015,15.68,15.11,14.65,15.02,14.52,17.81,16.75,16.18,15.8,16.92,16.28,16.26,14.52,5.98,7.58,5.4,4.19,3.6,7.58,5.36,6.86,6.41,3.74,8.76,7.21
T2M_MIN,2016,15.01,15.34,15.79,15.6,16.06,16.08,16.15,16.73,15.9,15.86,15.53,15.44,15.01,7.07,4.2,8.6,3.5,4.61,7.12,5.87,8.88,5.56,4.31,7.27,3.97
T2M_MIN,2017,14.69,14.86,14.64,15.5,17.31,16.89,16.6,15.61,15.57,16.26,15.64,14.9,14.64,4.73,5.5,3.88,7.29,6.49,8.32,3.8,4.01,4.24,6.17,7.29,4.14
T2M_MIN,2018,15.68,14.58,13.65,14.37,15.34,14.39,16.22,16.04,16.66,16.08,15.37,15.61,13.65,8.93,8.43,6.78,6.9,6.96,5.73,8.09,3.82,5.26,5.75,5.97,8.89
T2M_MIN,2019,15.13,14.89,15.39,16.25,17.6,16.99,16.24,16.71,14.89,16.04,14.19,15.99,14.19,3.04,6.76,6.67,8.58,4.61,8.89,5.19,8.0,5.02,8.26,3.82,6.42
T2M_MIN,2020,16.08,13.96,15.73,15.52,17.21,15.56,14.07,14.97,14.82,16.48,16.56,13.57,13.57,7.64,8.66,5.31,4.92,7.69,7.69,7.73,5.76,3.7,8.64,7.26,5.53
T2M_MIN,2021,13.59,15.41,13.38,15.34,15.95,15.07,16.23,15.62,16.71,16.38,14.78,16.47,13.38,3.02,8.24,6.69,3.74,7.58,4.59,6.73,6.99,4.44,8.94,7.95,8.3
T2M_MIN,2022,15.2,12.54,14.26,15.8,16.22,15.3,16.29,15.27,16.89,16.11,15.34,15.47,12.54,6.3,7.15,5.81,5.66,7.23,5.3,4.06,3.02,5.29,6.08,7.23,7.51
T2M_MIN,2023,14.71,13.53,15.29,14.76,16.99,15.81,16.89,17.24,15.9,17.48,16.67,16.68,13.53,3.86,8.51,3.79,5.07,8.86,3.96,3.07,6.72,5.92,8.35,3.83,7.06
T2M_MIN,2024,15.93,13.93,14.21,14.95,16.76,17.71,16.85,17.28,17.87,17.47,16.24,16.22,13.93,7.38,5.5,5.04,3.53,7.4,7.95,6.53,7.98,6.77,3.67,5.33,7.34
T2M_MIN,2025,14.9,15.61,15.96,16.5,-999.0,-999.0,-999.0,-999.0,-999.0,-999.0,-999.0,-999.0,-999.0,6.59,3.34,6.76,7.0,3.77,3.29,6.98,7.03,6.69,4.87,6.48,5.32
